(342, 132, 54.0, array([[0.92303628]]))
(342, 216, 61.0, array([[0.92086819]]))
(342, 338, 54.0, array([[0.92933207]]))
(342, 339, 60.0, array([[0.91075102]]))
(342, 341, 60.0, array([[0.91796522]]))
(342, 345, 54.0, array([[0.92921127]]))
(342, 357, 53.0, array([[0.92484076]]))
(342, 960, 60.0, array([[0.91150268]]))
(342, 1092, 57.0, array([[0.91762995]]))
(342, 1176, 52.0, array([[0.92509793]]))
(342, 1452, 59.0, array([[0.90196912]]))
(342, 1560, 56.0, array([[0.90319747]]))
(342, 1572, 73.0, array([[0.9029636]]))
(342, 1656, 66.0, array([[0.91059389]]))
(342, 1683, 52.0, array([[0.92625847]]))
(342, 1776, 62.0, array([[0.90233115]]))
(342, 1779, 51.0, array([[0.93450941]]))
(354, 132, 54.0, array([[0.91687696]]))
(354, 216, 61.0, array([[0.91500556]]))
(354, 338, 54.0, array([[0.92263376]]))
(354, 339, 60.0, array([[0.90635933]]))
(354, 341, 60.0, array([[0.91302078]]))
(354, 345, 54.0, array([[0.92087198]]))
(354, 357, 53.0, array([[0.92075646]]))
(354, 960, 60.0, array([[0.90612434]]))
(354, 1092, 57.0, array([[0.91281006]]))
(354, 1176, 52.0, array([[0.91907045]]))
(354, 1656, 66.0, array([[0.90645525]]))
(354, 1683, 52.0, array([[0.91906915]]))
(354, 1779, 51.0, array([[0.92667674]]))
(1206, 216, 61.0, array([[0.90042042]]))
(1206, 341, 60.0, array([[0.90080818]]))
(1206, 1656, 66.0, array([[0.9009143]]))
(1302, 132, 54.0, array([[0.90250366]]))
(1302, 216, 61.0, array([[0.90890617]]))
(1302, 338, 54.0, array([[0.90627524]]))
(1302, 339, 60.0, array([[0.90202741]]))
(1302, 341, 60.0, array([[0.90859838]]))
(1302, 345, 54.0, array([[0.90362491]]))
(1302, 357, 53.0, array([[0.90096757]]))
(1302, 960, 60.0, array([[0.90263682]]))
(1302, 1092, 57.0, array([[0.90547409]]))
(1302, 1176, 52.0, array([[0.90310592]]))
(1302, 1572, 73.0, array([[0.90430812]]))
(1302, 1656, 66.0, array([[0.90923295]]))
(1302, 1776, 62.0, array([[0.90205778]]))
(1302, 1779, 51.0, array([[0.90277067]]))
